00
07
00
1f
00
00
00
00
00
00
13
0e
2e
2f
00
00
2a
26
00
00
00
00
08
00
04
00
00
21
25
22
00
2e
4b
07
19
00
00
00
00
00
00
00
00
00
00
31
00
00
00
0c
11
14
00
00
00
27
00
00
00
00
00
00
15
00
00
00
03
00
00
00
00
3f
00
00
00
00
00
00
00
00
00
2a
00
00
00
65
0b
00
00
15
00
00
4c
00
36
00
00
09
00
00
1f
20
00
00
00
1f
00
00
00
00
18
03
23
0a
00
00
00
00
00
00
00
1e
03
00
00
00
00
00
00
08
00
00
00
05
00
00
00
0a
1a
38
00
00
16
2f
18
00
00
02
48
12
00
1f
16
00
00
00
00
00
03
21
00
00
00
00
00
00
00
00
00
00
00
11
00
00
00
30
30
00
15
00
00
27
00
40
08
00
00
17
00
19
00
00
00
00
00
00
40
14
0b
00
00
46
00
00
00
00
00
00
26
10
00
18
00
00
00
02
00
00
00
00
00
00
16
0b
26
00
00
00
00
00
00
00
00
05
00
00
00
00
0e
0c
09
1a
44
00
00
16
18
00
00
28
00
00
00
17
00
00
00
00
07
1e
00
00
12
35
2a
00
00
1b
00
05
28
00
00
00
4e
00
00
00
00
1a
00
00
00
00
2d
00
58
10
00
00
04
00
00
00
00
00
00
00
18
00
3d
00
04
00
10
00
00
05
2c
00
00
4b
00
00
00
00
00
27
18
1c
00
0d
00
31
00
00
00
00
1a
00
01
08
00
10
1c
00
00
00
17
44
00
00
19
00
00
26
1f
00
00
00
00
00
00
2b
10
00
00
00
49
00
00
00
00
00
28
00
00
3c
41
00
00
1e
00
0e
00
14
00
2d
18
18
17
3a
00
17
00
00
02
17
04
01
27
00
00
12
26
00
00
0e
00
00
00
00
3d
3f
00
10
2f
00
19
00
00
00
00
00
00
18
00
00
00
00
00
10
00
00
05
00
00
00
20
07
00
00
1e
00
0a
00
36
09
00
00
00
00
19
00
00
00
00
00
04
00
00
00
03
00
00
37
00
15
00
00
14
00
00
25
00
00
03
02
00
00
00
00
00
18
00
41
05
0c
11
00
00
00
00
2b
00
00
00
00
00
51
00
00
2d
00
00
25
00
00
34
00
2e
16
00
00
08
00
00
00
00
19
00
17
00
19
00
11
2a
25
2f
04
00
00
00
00
00
28
3e
16
0a
0d
00
00
00
00
00
00
00
00
00
00
20
27
17
24
00
08
00
26
3f
07
00
00
00
25
29
00
00
00
00
0a
00
34
00
2d
00
1a
02
30
39
1d
00
00
19
00
00
1a
3e
00
00
00
00
39
35
00
23
95
4c
00
00
4e
2b
00
00
00
00
0e
00
00
00
00
89
00
13
2f
00
00
00
00
31
4c
00
00
71
08
00
36
0a
77
00
75
00
22
00
00
00
00
00
00
00
23
65
00
00
6e
00
00
00
00
00
14
21
00
14
00
30
08
00
00
00
00
6c
00
95
29
00
00
00
35
59
00
2e
74
00
60
01
00
79
00
00
00
2c
08
20
33
00
00
02
82
00
15
00
00
20
5e
3c
0b
00
00
00
00
00
00
2f
59
00
0f
00
5f
00
00
00
04
00
4e
00
10
61
5a
46
00
00
48
00
10
88
15
3c
46
31
14
2f
1b
00
00
56
3a
0b
05
00
2d
5d
81
9e
4a
20
00
00
10
00
00
00
00
37
00
06
00
00
05
6b
00
4b
04
2b
03
0d
67
00
00
00
00
00
00
00
32
00
4f
35
00
00
23
15
00
7b
06
97
33
1f
00
0e
04
00
26
87
00
00
00
00
00
00
00
00
32
00
48
03
00
5c
28
55
64
00
09
37
00
21
0a
00
00
00
59
00
00
34
00
6b
29
25
89
00
6c
00
01
00
83
69
19
31
45
0c
00
07
45
a0
00
18
2d
46
8a
10
00
00
47
0f
00
00
15
00
00
00
00
05
18
00
00
00
00
3b
00
00
19
00
00
00
00
02
1e
04
00
45
0c
00
02
00
3e
00
3f
0c
00
00
00
00
00
20
0a
00
05
0f
00
00
31
00
00
2f
00
00
00
00
00
02
00
2a
05
00
00
11
00
41
00
56
00
09
00
27
04
0e
00
0b
28
00
39
00
00
41
00
00
0a
00
00
10
00
10
00
00
29
00
11
00
00
00
0a
34
00
00
00
00
00
00
00
29
4a
23
05
04
0c
00
00
00
00
00
0d
00
05
28
15
04
00
14
00
17
1b
3b
00
10
39
1d
27
35
00
00
00
4a
1a
1e
00
00
00
07
57
65
36
1e
1c
0f
00
14
00
00
0c
34
00
00
00
00
12
0d
00
26
13
1d
1d
17
2a
23
00
00
00
07
0f
00
24
00
38
19
00
00
01
28
00
17
27
52
05
0d
00
00
00
00
2e
27
00
20
00
00
00
00
00
0d
00
00
0f
00
00
19
00
3f
36
00
19
00
0d
28
00
00
00
00
36
24
00
00
00
49
32
19
36
00
0c
00
00
03
54
2d
23
00
28
11
00
00
1b
48
00
26
21
0a
23
06
15
47
11
0c
0d
31
14
15
00
00
00
11
07
00
00
0f
14
0a
00
57
00
49
1c
4a
00
3f
25
00
00
00
00
05
3a
20
04
00
00
0b
19
18
39
34
34
00
00
00
0e
48
1b
1e
00
04
00
00
00
34
03
01
00
2b
00
05
00
21
18
00
05
00
00
04
20
00
00
00
05
37
22
00
26
00
01
56
1d
00
11
00
00
1c
3a
00
2f
03
59
50
23
00
00
1e
2d
40
4e
00
28
2c
00
00
00
00
19
00
00
00
0c
00
46
00
00
0c
29
00
1a
00
00
15
34
21
00
00
38
00
00
1c
2d
07
00
00
00
00
2b
00
08
00
17
00
2a
3d
26
22
00
00
00
00
00
00
01
00
23
11
00
00
00
35
3c
00
03
4b
4d
07
00
00
00
00
1d
00
34
0c
00
00
07
0f
00
00
00
28
1c
00
1e
00
0a
37
00
00
0b
00
00
1d
00
00
00
3a
48
00
34
00
00
00
00
00
02
00
01
00
00
25
45
00
01
2d
00
21
01
10
0f
00
38
2b
00
00
29
1e
00
00
00
00
23
0f
4f
1b
16
00
00
22
00
23
00
03
00
1b
08
12
10
00
00
05
3e
18
35
00
19
53
00
00
26
2e
00
00
00
00
00
06
05
00
00
25
48
00
55
00
00
00
00
00
06
09
00
13
60
00
00
39
19
01
39
00
4e
00
00
00
00
1e
00
00
00
0b
00
05
23
00
00
00
00
00
16
5e
25
00
26
00
56
00
00
00
3f
3d
14
19
3f
00
15
00
2d
0a
00
42
05
2b
13
00
00
47
00
00
00
62
00
4e
00
00
00
00
1c
04
46
00
00
00
05
26
3e
00
00
15
00
1c
4d
28
02
00
00
00
11
00
00
12
00
07
23
00
07
00
04
21
1b
2a
22
00
05
1a
1f
25
00
2e
00
00
09
4e
00
00
00
00
00
00
00
46
09
23
34
6c
08
00
1c
36
00
46
00
00
00
00
00
3e
00
0e
00
00
4f
6d
12
00
12
00
00
00
00
08
00
00
00
00
53
00
00
00
00
41
00
1b
00
36
17
6a
00
3d
5b
00
00
08
00
00
00
04
00
00
24
00
70
13
50
39
00
1c
00
16
1e
00
00
31
00
00
00
00
00
0f
01
00
00
36
00
5e
11
28
26
5c
1c
30
00
00
22
00
00
39
52
00
00
4d
02
19
00
4d
75
3d
17
12
2c
4b
1d
2b
0b
28
26
2c
00
00
00
00
00
00
00
02
0b
1b
00
4d
00
31
0b
3e
00
3d
29
00
00
00
00
00
40
3a
0d
00
00
00
3d
0d
31
18
27
00
00
00
11
56
1d
26
03
00
00
00
00
25
11
23
03
1e
00
00
00
05
19
00
20
00
00
0b
3b
00
00
00
1b
44
0c
0d
30
00
06
4c
0d
00
05
03
00
43
39
00
34
00
40
46
35
00
00
09
33
42
5b
00
46
0a
00
00
00
00
39
00
00
00
0a
00
56
00
00
14
26
00
2e
00
00
19
3d
35
00
00
4f
00
00
28
3d
17
00
00
00
00
36
00
01
00
10
00
20
33
2f
43
00
00
00
00
00
00
0c
00
08
2e
00
00
00
3d
43
00
00
5d
2e
06
00
00
00
00
27
00
22
00
00
00
00
00
00
00
00
19
04
00
1d
00
00
4d
00
09
1a
00
00
3b
0d
00
00
47
31
00
19
00
00
00
00
00
2c
00
1f
00
00
35
45
00
0a
1a
00
3a
00
00
11
00
25
38
00
00
2d
3a
00
00
00
00
34
36
65
30
08
00
00
24
00
3d
00
00
00
40
0d
20
03
00
00
20
52
29
3d
29
45
63
00
00
44
46
00
00
00
00
00
00
00
00
00
4c
23
09
38
00
00
00
00
19
2b
00
00
21
30
00
2f
4c
34
00
42
00
65
00
00
00
00
00
00
00
13
52
00
1a
39
00
00
00
00
00
23
5d
1f
00
00
00
2c
00
00
00
3d
36
00
38
57
00
00
00
40
45
00
40
3d
00
24
03
00
4a
00
00
00
73
14
33
24
00
00
00
54
00
21
00
12
1f
4f
10
57
00
00
00
00
00
50
10
03
00
03
00
54
00
00
07
05
00
49
00
09
25
3d
49
00
00
58
00
00
48
3c
37
00
24
00
00
2e
29
00
00
02
00
00
00
2a
70
1c
32
24
38
00
00
1f
00
00
45
00
00
00
21
25
22
00
5a
00
0f
17
41
00
00
3a
00
00
00
00
00
00
00
00
00
33
00
00
00
0c
0b
00
61
00
4c
30
46
00
53
46
00
00
51
00
00
00
00
00
00
11
00
72
00
5b
26
00
48
1d
0f
31
00
00
51
00
00
07
00
00
28
11
00
0b
58
00
44
00
1d
57
60
67
35
00
00
2d
2a
00
56
3c
00
00
60
1d
4c
00
15
3e
51
62
00
00
00
00
00
09
00
00
00
00
02
00
00
00
00
00
0f
00
00
00
00
00
00
00
00
00
10
00
00
00
00
00
00
00
00
00
00
05
04
00
00
00
00
00
00
00
00
20
00
00
00
00
00
0d
00
00
00
00
00
29
00
01
00
0e
00
00
00
00
00
07
00
00
00
0f
00
00
11
0f
00
00
02
00
00
32
00
25
04
00
00
0f
00
00
0a
32
00
20
00
00
00
00
00
00
00
00
00
0b
00
00
00
00
00
00
00
30
00
00
00
2d
1a
00
23
00
00
00
00
00
00
00
23
00
00
14
00
0a
00
02
00
04
00
08
00
00
12
00
00
15
00
00
00
00
00
00
00
19
00
00
00
09
00
00
00
00
00
00
00
01
00
00
20
00
00
01
04
00
00
16
00
00
00
00
17
00
00
26
03
10
12
00
00
00
00
00
00
00
00
00
00
00
00
00
00
00
5d
00
00
00
37
00
00
00
00
05
00
00
09
00
00
00
00
00
00
00
00
00
00
35
00
00
00
00
00
00
00
00
00
00
00
00
08
00
00
00
00
00
00
00
00
00
00
00
00
00
00
00
00
00
00
00
00
00
00
00
00
00
00
00
00
00
00
00
00
00
00
00
01
00
00
00
00
00
00
00
00
00
00
00
00
00
00
00
00
00
0f
00
00
00
00
00
00
03
00
00
00
2c
01
00
00
00
0f
00
00
06
02
00
00
00
00
00
00
00
00
00
00
00
00
00
00
00
13
00
00
00
00
00
00
00
00
00
00
00
00
00
00
00
00
10
00
00
01
00
0e
00
02
00
07
00
00
00
00
00
00
00
00
00
00
00
00
00
00
00
00
00
00
00
00
05
00
00
00
00
00
00
00
00
03
00
00
00
00
00
00
00
0a
00
00
00
00
00
00
00
00
00
00
00
00
00
00
00
00
00
00
00
00
00
00
00
00
00
00
00
00
00
06
00
00
00
00
00
00
03
0a
04
00
00
00
00
00
00
00
00
00
00
00
00
00
00
00
00
01
00
00
00
00
00
00
02
00
00
00
00
00
00
00
00
00
00
00
00
00
00
00
00
00
00
00
00
00
00
00
02
00
0a
00
00
00
00
00
00
00
00
2d
00
00
00
00
00
00
00
00
00
00
00
00
00
00
00
00
00
00
00
06
00
xx
xx
xx
xx
xx
xx
xx
xx
xx
xx
xx
xx
xx
xx
xx
xx
xx
xx
xx
xx
xx
xx
xx
xx
xx
xx
xx
xx
xx
xx
xx
xx
xx
xx
xx
xx
xx
xx
xx
xx
xx
xx
xx
xx
xx
xx
xx
xx
xx
xx
xx
xx
xx
xx
xx
xx
xx
xx
xx
xx
xx
xx
xx
xx
xx
xx
xx
xx
xx
xx
xx
xx
xx
xx
xx
xx
xx
xx
xx
xx
xx
xx
xx
xx
xx
xx
xx
xx
xx
xx
xx
xx
xx
xx
xx
xx
xx
xx
xx
xx
xx
xx
xx
xx
xx
xx
xx
xx
xx
xx
xx
xx
xx
xx
xx
xx
xx
xx
xx
xx
xx
xx
xx
xx
xx
xx
xx
xx
xx
xx
xx
xx
xx
xx
xx
xx
xx
xx
xx
xx
xx
xx
xx
xx
xx
xx
xx
xx
xx
xx
xx
xx
xx
xx
xx
xx
xx
xx
xx
xx
xx
xx
xx
xx
xx
xx
xx
xx
xx
xx
xx
xx
xx
xx
xx
xx
xx
xx
xx
xx
xx
xx
xx
xx
xx
xx
xx
xx
xx
xx
xx
xx
xx
xx
xx
xx
xx
xx
xx
xx
xx
xx
xx
xx
xx
xx
xx
xx
xx
xx
xx
xx
xx
xx
xx
xx
xx
xx
xx
xx
xx
xx
xx
xx
xx
xx
xx
xx
xx
xx
xx
xx
xx
xx
xx
xx
xx
xx
xx
xx
xx
xx
xx
xx
xx
xx
xx
xx
xx
xx
xx
xx
xx
xx
xx
xx
xx
xx
xx
xx
xx
xx
xx
xx
xx
xx
xx
xx
xx
xx
xx
xx
xx
xx
xx
xx
xx
xx
xx
xx
xx
xx
xx
xx
xx
xx
xx
xx
xx
xx
xx
xx
xx
xx
xx
xx
xx
xx
xx
xx
xx
xx
xx
xx
xx
xx
xx
xx
xx
xx
xx
xx
xx
xx
xx
xx
xx
xx
xx
xx
xx
xx
xx
xx
xx
xx
xx
xx
xx
xx
xx
xx
xx
xx
xx
xx
xx
xx
xx
xx
xx
xx
xx
xx
xx
xx
xx
xx
xx
xx
xx
xx
xx
xx
xx
xx
xx
xx
xx
xx
xx
xx
xx
xx
xx
xx
xx
xx
xx
xx
