00000001100000000000000000000000001000110000000000000000000001111110000000101000
00000001100000000000000000000000010000110000000000000011000001111110000000101000
00000001100000000000000000000000011000110000000000000110000001111110000000101000
00000001100000000000000000000000100000110000000000001001000001111110000000101000
00000001100000000000000000000000101000110000000000001100000001111110000000101000
00000001100000000000000000000000110000110000000000001111000001111110000000101000
00000001100000000000000000000000111000110000000000010010000001111110000000101000
00000001100000000000000000000001000000110000000000010101000001111110000000101000
00001111000000000001001000000001010000110000000000100011000001111110000111111001
00000001100000001001100000000000001000110000000000011000000001111110000010001000
00000001000000001100001000000001001000110000000000100011000001111110000111111000
00000001000000010100100000000000000000000000000100100011000011111110001111111000
00000000000000110101010000000000010000000000000000000000000000011110001111111000
00000000000000110101010000000000010000000000000000000000000000011110001111111111
