11111111
11111001
11111100
00000000
00000000
00000000
00000011
00000010
11111000
00000000
00000000
00000000
11110100
11111100
00000100
00000000
00000000
00000000
11111101
00000101
00000010
00000000
00000000
00000000
00000000
11111011
11111000
00000000
00000000
00000000
11110100
00000101
00000101
00000000
00000000
00000000
11111000
11111011
11111100
00000000
00000000
00000000
11110011
00000011
00000100
00000000
00000000
00000000
00000101
00000000
00000011
00000000
00000000
00000000
11111101
00000010
00000000
11111110
11111101
00000000
00000000
00000000
00000100
00000000
00000000
00000000