00000001100000000000000000000000001000110000000000000000000011111110000000101000
00000001100000000000000000000000011000110000000000000011000011111110000000101000
00000001100000000000000000000000101000110000000000000110000011111110000000101000
00000001100000000000000000000000111000110000000000001001000011111110000000101000
00000001100000000000000000000001001000110000000000001100000011111110000000101000
00000001100000000000000000000001011000110000000000001111000011111110000000101000
00000001100000000000000000000001101000110000000000010010000011111110000000101000
00000001100000000000000000000001111000110000000000010101000011111110000000101000
00001111000000000010010000000010011000110000000000100011000011111110001111111001
00000001100000100011000000000000001000110000000000011000000011111110000010001000
00000001000000101000010000000010001000110000000000100011000011111110001111111000
00000001000001001001000000000000000000000000001000100011000111111110011111111000
00000000000011001010100000000000100000000000000000000000000000011110011111111000
00000000000011001010100000000000100000000000000000000000000000011110011111111111
