00000100
00001001
11111100
00000000
00000000
00000000
00000001
00000110
11110101
00000000
00000000
00000000
00001011
00010000
11111010
00000000
00000000
00000000
11111101
00001100
11111110
00000000
00000000
00000000
00001100
00000010
11110101
00000000
00000000
00000000
00001010
00000101
00000001
00000000
00000000
00000000
11111111
00000000
11110101
00000000
00000000
00000000
11111110
00001000
11111101
00000000
00000000
00000000
11111100
11111000
00000101
00000000
00000000
00000000
00000100
11111110
00000000
00000010
00000100
00000000
00000000
00000000
00000100
00000000
00000000
00000000
