10011101
01000001
00000000
00000000
10110000
00100011
00101001
00000000
00000000
00000000
11111101
00000000
11000110
00000000
00000000
00000000
10011110
11110000
11000110
00000000
00000000
00000000
11011111
11010111
11100010
00000000
00000000
00000000
00000011
00111001
11011101
00000000
00000000
00000000
10110100
11111000
00101111
00000000
00000000
00000000
11100110
00111111
11101010
00000000
00000000
00000000
10100100
00011100
00000110
00000000
00000000
00000000
00001010
11111011
00000101
00000000
00000000
00000000
00001001
00000000
00000000
00000000
00001001
00000000
00000000
00000000
00001001
00000000
00000000
00000000
