00000000100000000000000000000000001000110000000000000000001000000000000000110000
00000000100000000000000000000000101000110000000000000011001000000000000000110000
00000000100000000000000000000001001000110000000000000110001000000000000000110000
00000000100000000000000000000001101000110000000000001001001000000000000000110000
00000000100000000000000000000010001000110000000000001100001000000000000000110000
00000000100000000000000000000010101000110000000000001111001000000000000000110000
00000000100000000000000000000011001000110000000000010010001000000000000000110000
00000000100000000000000000000011101000110000000000010101001000000000000000110000
00010000000000000100100000000100101000110000000000100011001000000000100000000001
00000000100010000110000000000000100000000000000000011000001000000000000010010000
00000000000010010000100000000100001000110000000010000000001000000000100000000000
00000000000100010010000000000000000000000000010000100011010000000001000000000000
00000000000100010010000000000000000000000000010000100011010000000001000000000111
