11011101
00001101
00000000
00000001
10000000
00000000
00000000
00100011
00000000
00000000
00000111
11100000
00101000
00000001
10000000
00000000
00000000
01000011
00000000
00000011
00000111
11100000
00101000
00000001
10000000
00000000
00000000
01100011
00000000
00000110
00000111
11100000
00101000
00000001
10000000
00000000
00000000
10000011
00000000
00001001
00000111
11100000
00101000
00000001
10000000
00000000
00000000
10100011
00000000
00001100
00000111
11100000
00101000
00000001
10000000
00000000
00000000
11000011
00000000
00001111
00000111
11100000
00101000
00000001
10000000
00000000
00000000
11100011
00000000
00010010
00000111
11100000
00101000
00000001
10000000
00000000
00000001
00000011
00000000
00010101
00000111
11100000
00101000
00001111
00000000
00010010
00000001
01000011
00000000
00100011
00000111
11100001
11111001
00000001
10000000
10011000
00000000
00100011
00000000
00011000
00000111
11100000
10001000
00000001
00000000
11000010
00000001
00100011
00000000
00100011
00000111
11100001
11111000
00000001
00000001
01001000
00000000
00000000
00000001
00100011
00001111
11100011
11111000
00000000
00000011
01010100
00000000
01000000
00000000
00000000
00000001
11100011
11111000
00000000
00000011
01010100
00000000
01000000
00000000
00000000
00000001
11100011
11111111
