11011101
00001100
00000000
00000000
10000000
00000000
00000000
00100011
00000000
00000000
00100000
00000000
00110000
00000000
10000000
00000000
00000000
10100011
00000000
00000011
00100000
00000000
00110000
00000000
10000000
00000000
00000001
00100011
00000000
00000110
00100000
00000000
00110000
00000000
10000000
00000000
00000001
10100011
00000000
00001001
00100000
00000000
00110000
00000000
10000000
00000000
00000010
00100011
00000000
00001100
00100000
00000000
00110000
00000000
10000000
00000000
00000010
10100011
00000000
00001111
00100000
00000000
00110000
00000000
10000000
00000000
00000011
00100011
00000000
00010010
00100000
00000000
00110000
00000000
10000000
00000000
00000011
10100011
00000000
00010101
00100000
00000000
00110000
00010000
00000000
01001000
00000100
10100011
00000000
00100011
00100000
00001000
00000001
00000000
10001000
01100000
00000000
10000000
00000000
00011000
00100000
00000000
10010000
00000000
00001001
00001000
00000100
00100011
00000000
10000000
00100000
00001000
00000000
00000000
00010001
00100000
00000000
00000000
00000100
00100011
01000000
00010000
00000000
00000000
00010001
00100000
00000000
00000000
00000100
00100011
01000000
00010000
00000111
